'2400': [1347, 3, 43.9],
'2450': [1341, 3, 43.8],
'2500': [1336, 4, 43.9],
'2550': [1330, 4, 43.8],
'2600': [1324, 4, 43.7],
'2650': [1318, 4, 43.6],
'2700': [1312, 4, 43.5],
'2750': [1306, 4, 43.5],
'2800': [1300, 4, 43.4],
'2850': [1294, 4, 43.3],
'2900': [1288, 5, 43.3],
'2950': [1282, 5, 43.2],
'3000': [1275, 5, 43.0],
'3050': [1269, 5, 43.0],
'3100': [1263, 5, 42.9],
'3150': [1256, 5, 42.8],
'3200': [1250, 6, 42.7],
'3250': [1244, 6, 42.7],
'3300': [1237, 6, 42.5],
'3350': [1230, 6, 42.4],
'3400': [1223, 6, 42.3],
'3450': [1216, 6, 42.2],
'3500': [1209, 6, 42.0],
'3550': [1202, 7, 41.9],
'3600': [1195, 7, 41.8],
'3650': [1188, 7, 41.7],
'3700': [1181, 8, 41.6],
'3750': [1173, 8, 41.4],
'3800': [1165, 8, 41.3],
'3850': [1158, 9, 41.2],
'3900': [1150, 9, 41.0],
'3950': [1142, 9, 40.9],
'4000': [1134, 10, 40.7],
'4050': [1125, 10, 40.5],
'4100': [1116, 10, 40.3],
'4150': [1107, 10, 40.1],
'4200': [1098, 11, 39.9],
'4250': [1089, 12, 39.7],
'4300': [1080, 13, 39.6],
'4350': [1070, 13, 39.4],
'4400': [1060, 14, 39.1],
'4450': [1049, 15, 38.9],
'4500': [1038, 16, 38.6],
'4550': [1026, 17, 38.3],
'4600': [1015, 19, 38.1],
'4650': [1002, 21, 37.8],
'4700': [988, 23, 37.4],
'4750': [974, 27, 37.1],
'4800': [958, 31, 36.6],
'4850': [940, 38, 36.1],
'4900': [921, 53, 35.6],
'4950': [897, 0.0, 35.0],
'5000': [865, 0.0, 34.0],
'5042': [800, 0.0, 32.1],
