'485': [1421, 8, 23,6],
'500': [1415, 8, 23,5],
'550': [1396, 9, 23,5],
'600': [1377, 11, 23,5],
'650': [1356, 11, 23,3],
'700': [1336, 13, 23,2],
'750': [1315, 15, 23,1],
'800': [1293, 16, 22,9],
'850': [1271, 18, 22,8],
'900': [1248, 21, 22,6],
'950': [1224, 23, 22,4],
'1000': [1199, 26, 22,2],
'1050': [1172, 29, 21,9],
'1100': [1145, 35, 21,6],
'1150': [1114, 41, 21,3],
'1200': [1082, 52, 21],
'1250': [1045, 71, 20,5],
'1300': [1004, 143, 20],
'1350': [950, 0, 19,3],
'1400': [866, 0, 18],
'1416': [800, 0, 17],
