'2000': [1422, 2, 48.1],
'2050': [1417, 2, 48.0],
'2100': [1412, 2, 47.8],
'2150': [1408, 2, 48.0],
'2200': [1403, 2, 47.8],
'2250': [1399, 2, 48.0],
'2300': [1394, 2, 47.9],
'2350': [1389, 2, 47.8],
'2400': [1384, 2, 47.7],
'2450': [1380, 3, 47.8],
'2500': [1375, 3, 47.7],
'2550': [1370, 3, 47.6],
'2600': [1365, 3, 47.5],
'2650': [1360, 3, 47.4],
'2700': [1355, 3, 47.4],
'2750': [1350, 3, 47.3],
'2800': [1345, 3, 47.2],
'2850': [1340, 3, 47.2],
'2900': [1335, 3, 47.1],
'2950': [1330, 3, 47.1],
'3000': [1325, 3, 47.0],
'3050': [1320, 3, 47.0],
'3100': [1315, 4, 46.9],
'3150': [1310, 4, 46.9],
'3200': [1305, 4, 46.8],
'3250': [1299, 4, 46.6],
'3300': [1294, 4, 46.6],
'3350': [1289, 4, 46.6],
'3400': [1284, 4, 46.6],
'3450': [1278, 4, 46.4],
'3500': [1273, 4, 46.4],
'3550': [1267, 4, 46.2],
'3600': [1262, 4, 46.2],
'3650': [1256, 4, 46.0],
'3700': [1251, 5, 46.0],
'3750': [1245, 5, 45.9],
'3800': [1239, 5, 45.8],
'3850': [1233, 5, 45.6],
'3900': [1228, 6, 45.6],
'3950': [1222, 6, 45.5],
'4000': [1216, 6, 45.4],
'4050': [1210, 6, 45.3],
'4100': [1204, 6, 45.2],
'4150': [1197, 6, 45.0],
'4200': [1191, 6, 44.9],
'4250': [1185, 7, 44],
'4300': [1179, 7, 44],
'4350': [1172, 7, 44],
'4400': [1165, 7, 44],
'4450': [1159, 8, 44],
'4500': [1152, 8, 44],
'4550': [1145, 8, 44],
'4600': [1138, 8, 43],
'4650': [1131, 9, 43],
'4700': [1124, 9, 43],
'4750': [1116, 9, 43],
'4800': [1109, 10, 43],
'4850': [1101, 10, 43],
'4900': [1093, 10, 42],
'4950': [1085, 11, 42],
'5000': [1076, 11, 42],
'5050': [1068, 12, 42],
'5100': [1059, 12, 42],
'5150': [1050, 13, 41],
'5200': [1040, 14, 41],
'5250': [1031, 15, 41],
'5300': [1020, 16, 41],
'5350': [1010, 17, 40],
'5400': [999, 19, 40],
'5450': [987, 21, 40],
'5500': [974, 23, 39],
'5550': [961, 26, 39],
'5600': [946, 30, 39],
'5650': [929, 37, 38],
'5700': [911, 52, 38],
'5750': [888, 0, 37],
'5800': [858, 0, 36],
'5840': [800, 0, 34.5],
