'1450': [1421, 3, 40.8],
'1500': [1415, 3, 40.9],
'1550': [1408, 3, 40.7],
'1600': [1401, 2, 40.6],
'1650': [1395, 3, 40.6],
'1700': [1388, 3, 40.5],
'1750': [1382, 4, 40.5],
'1800': [1375, 3, 40.4],
'1850': [1368, 3, 40.3],
'1900': [1361, 3, 40.2],
'1950': [1355, 4, 40.3],
'2000': [1348, 4, 40.2],
'2050': [1341, 4, 40.1],
'2100': [1334, 4, 40.0],
'2150': [1327, 4, 40.0],
'2200': [1320, 4, 39.9],
'2250': [1313, 5, 39.8],
'2300': [1306, 5, 39.8],
'2350': [1298, 5, 39.6],
'2400': [1291, 5, 39.5],
'2450': [1284, 6, 39.5],
'2500': [1276, 5, 39.3],
'2550': [1269, 6, 39.3],
'2600': [1261, 6, 39.2],
'2650': [1253, 6, 39.0],
'2700': [1245, 6, 38.9],
'2750': [1237, 6, 38.8],
'2800': [1229, 6, 38.7],
'2850': [1221, 7, 38.6],
'2900': [1213, 7, 38.5],
'2950': [1204, 7, 38.3],
'3000': [1196, 8, 38.2],
'3050': [1187, 8, 38.1],
'3100': [1178, 8, 37.9],
'3150': [1169, 9, 37.8],
'3200': [1160, 9, 37.6],
'3250': [1151, 10, 37.5],
'3300': [1141, 10, 37.3],
'3350': [1131, 11, 37.1],
'3400': [1121, 12, 36.9],
'3450': [1111, 13, 36.8],
'3500': [1100, 13, 36.5],
'3550': [1089, 14, 36.3],
'3600': [1078, 16, 36.1],
'3650': [1066, 17, 35.9],
'3700': [1053, 17, 35.6],
'3750': [1040, 19, 35.3],
'3800': [1027, 21, 35.1],
'3850': [1012, 23, 34.7],
'3900': [997, 27, 34.4],
'3950': [980, 31, 34.0],
'4000': [962, 37, 33.6],
'4050': [941, 48, 33.1],
'4100': [917, 87, 32.5],
'4150': [887, 0.0, 31.7],
'4200': [837, 0.0, 30.4],
