'1100': [1421, 3, 35.5],
'1150': [1413, 4, 35.6],
'1200': [1404, 4, 35.4],
'1250': [1395, 3, 35.3],
'1300': [1387, 4, 35.4],
'1350': [1378, 4, 35.3],
'1400': [1369, 4, 35.2],
'1450': [1360, 4, 35.1],
'1500': [1351, 5, 35],
'1550': [1342, 5, 34.9],
'1600': [1333, 5, 34.9],
'1650': [1324, 6, 34.8],
'1700': [1314, 6, 34.6],
'1750': [1305, 6, 34.6],
'1800': [1296, 7, 34.6],
'1850': [1286, 7, 34.4],
'1900': [1276, 7, 34.3],
'1950': [1266, 8, 34.2],
'2000': [1256, 8, 34.1],
'2050': [1246, 9, 34],
'2100': [1235, 9, 33.8],
'2150': [1224, 9, 33.7],
'2200': [1214, 10, 33.6],
'2250': [1202, 10, 33.4],
'2300': [1192, 12, 33.3],
'2350': [1180, 12, 33.1],
'2400': [1168, 13, 32.9],
'2450': [1155, 13, 32.7],
'2500': [1143, 14, 32.5],
'2550': [1130, 15, 32.3],
'2600': [1116, 16, 32.1],
'2650': [1102, 17, 31.9],
'2700': [1088, 19, 31.6],
'2750': [1073, 21, 31.4],
'2800': [1057, 24, 31.1],
'2850': [1040, 27, 30.8],
'2900': [1022, 31, 30.5],
'2950': [1002, 36, 30.1],
'3000': [981, 44, 29.7],
'3050': [956, 60, 29.1],
'3100': [927, 0.0, 28.5],
'3150': [889, 0.0, 27.7],
'3200': [800, 0.0, 25.6],
